INTRODUCTION. lxiii

SYNOPSIS OF THE SENTENCES.

Erasmus Gruter Bentley Orelli Woelfflin Spengel Meyer Friedrich

A 36 65 33 68 43 43 56 58
Β 33 46 29 46 41 41 43 43
C 19 43 25 49 38 37 46 46
D 16 30 16 28 24 24 28 32
E 16 35 11 36 19 19 22 22
F 28 37 23 42 28 28 33 34
G 9 13 5 13 9 9 11 12
H 19 29 13 29 27 27 29 29
I 33 73 30 73 62 61 63 66
L 9 18 4 20 17 17 18 18
M 33 81 21 81 68 68 72 75
N 10 83 19 85 59 59 61 63
Ο 1 18 5 18 14 14 15 15
P 1 68 19 70 51 51 55 57
Q 2 84 7 83 68 68 74 76
R 1 22 2 23 15 15 16 17
S 2 59 6 62 42 42 49 52
T 1 15 3 15 3 3 7 8
V 1 33 2 33 25 24 35 38

Tota1270 852 273 874 653 650 733 761

